hw3dot3.problem6()
\n Secant Method: \n

a =

   0.500000000000000


f_a =

   2.625000000000000


a =

  -0.052631578947368


f_a =

   0.841959469310395


a =

  -0.313586606567933


f_a =

   0.028403152201061


a =

  -0.322697156398675


f_a =

  -0.001695038929106


a =

  -0.322184077836515


f_a =

     4.227972441595007e-06


a =

  -0.322185354435276


f_a =

     6.318482403955272e-10

Convergence
Convergence
\n Secant Method: \n

a =

   0.021397143146427


f_a =

  -0.042781224474873


a =

  -0.001552218324225


f_a =

   0.003104431661935


a =

     4.395294246179425e-07


f_a =

    -8.790588492357718e-07


a =

    -7.057973098531337e-13


f_a =

     1.411594619706267e-12

Convergence
Convergence
hw3dot3.problem10()
\n Secant Method: \n

a =

     0


f_a =

     0

Convergence
diary off
