hw3dot2.problem1()

root =

  15.070026090198326

Convergence

root =

   1.437377413406884


(root,f(root)): (15.070026 , -15.811368) 
(root,g(root)): (1.437377, 0.978948) 

hw3dot2.problem15()

root =

   0.696105595588666


root =

   0.478112902284116


root =

   0.325285123718804


root =

   0.219857803679102


root =

   0.147933877018087


root =

   0.099236404328835


root =

   0.066432949095211


root =

   0.044411765309888


root =

   0.029662794176641


root =

   0.019799685479325


root =

   0.013210694324681


root =

   0.008811981661324


root =

   0.005876812675109


root =

   0.003918834857523


root =

   0.002612983297712


root =

   0.001742178573622


root =

   0.001161536691921


root =

     7.743951005436301e-04


root =

     5.162804713201806e-04


root =

     3.441945169104800e-04


root =

     3.441945169104800e-04

hw3dot2.problem16()


root =

     1

Convergence
diary off
