%% Problem 5
%
%The program problem5() is a procedure for solving the system AX = B
%in which A, X and B are matrices of order nxn, nxm and nxm, respectively.
%The procedure was tested on three test cases:
%
%   A1 = [11 15 42; 14 5 67; 97 18 49];
%   X1 = [1 9 1;3 0 4;7 1 6];
%   B1 = [350 141 323;498 193 436;494 922 463];
% 
%   A2 = [29 81 77; 16 5 54; 13 32 91];
%   X2 = [9 8; 7 6; 5 4];
%   B2 = [1213 1026; 449 374; 796 660];
%
%   A3 = [1 3 7; 9 8 1; 2 3 9]; 
%   B3 = I   
%   X3 = A3^-1
%
%
%Results:
%
%In all three cases the [x_j1 x_j2 x_j3] vectors matched up with X matrices
%

hw8dot1.problem5()

[x_j1 x_j2 x_j3]
    1.0000    9.0000    1.0000
    3.0000   -0.0000    4.0000
    7.0000    1.0000    6.0000

X1
     1     9     1
     3     0     4
     7     1     6

[x_j1 x_j2]
    9.0000    8.0000
    7.0000    6.0000
    5.0000    4.0000

X2
     9     8
     7     6
     5     4

[x_j1 x_j2 x_j3]
   -0.7582    0.0659    0.5824
    0.8681    0.0549   -0.6813
   -0.1209   -0.0330    0.2088

X3
   -0.7582    0.0659    0.5824
    0.8681    0.0549   -0.6813
   -0.1209   -0.0330    0.2088

%% Problem 8
%
%The program problem8() investigates the numerical difficulties in
%inverting the given upper diagonal matrix
%
%Results:
%From looking at the determinant, -1.0240e-05, of the matrix there is 
%reason to believe that the matrix has a very large condition number,
%which if true will cause a large loss of significance when we 
%compute the inverse. It turns out the condition number of this matrix 
%is K(matrix) = 436.6469, which means we can lose up to approximately
%log(436.6469) = 2.6401 digits of significance. This can be troublesome 
%depending on the application.
%

hw8dot1.problem8()

det(matrix)
  -1.0240e-05

K(matrix)
  436.6469

diary off
