hw4dot2 = hw4dot2

hw4dot2 = 

    problem1: @problem1
    problem2: @problem2
    problem9: @problem9


%% Problem 1
%
%The program problem1() uses the Netwon form for polynomial interpolation
%with 21 equally spaced nodes on the interval [-5,5] to find the 
%interpolating polynomial p of degree 20 for the function
%f(x) = (x^2 +1)^-1
%
%Results:
%
%After printing out the the values of f(x) and p(x) at 41 equally
%spaced points, including the nodes p(x) does poorly for the first
%few values but gets better for later values
%
%


hw4dot2.problem1()

eval =

     5.785000111058082e+02


ans =

   0.038461538461538


eval =

  74.068704366927975


ans =

   0.042440318302387


eval =

   0.038461538461538


ans =

   0.047058823529412


eval =

  -1.945397899718286


ans =

   0.052459016393443


eval =

   0.042760180995475


ans =

   0.058823529411765


eval =

   0.214744380114671


ans =

   0.066390041493776


eval =

   0.048114630467572


ans =

   0.075471698113208


eval =

   0.025659711307956


ans =

   0.086486486486486


eval =

   0.054953897378981


ans =

   0.100000000000000


eval =

   0.064940356729423


ans =

   0.116788321167883


eval =

   0.063963117903184


ans =

   0.137931034482759


eval =

   0.067798472491647


ans =

   0.164948453608247


eval =

   0.076291103999780


ans =

   0.200000000000000


eval =

   0.085023727477640


ans =

   0.246153846153846


eval =

   0.093963803428383


ans =

   0.307692307692308


eval =

   0.105480021645706


ans =

   0.390243902439024


eval =

   0.120679866461374


ans =

   0.500000000000000


eval =

   0.139552143062420


ans =

   0.640000000000000


eval =

   0.162826547965665


ans =

   0.800000000000000


eval =

   0.191889321257579


ans =

   0.941176470588235


eval =

   0.226543893169099


ans =

     1


eval =

   0.263375136351523


ans =

   0.941176470588235


eval =

   0.296858084699181


ans =

   0.800000000000000


eval =

   0.322428635776954


ans =

   0.640000000000000


eval =

   0.338786577640916


ans =

   0.500000000000000


eval =

   0.347574771788112


ans =

   0.390243902439024


eval =

   0.351187610130076


ans =

   0.307692307692308


eval =

   0.351094644521421


ans =

   0.246153846153846


eval =

   0.348080802813093


ans =

   0.200000000000000


eval =

   0.343325767915677


ans =

   0.164948453608247


eval =

   0.338208749292218


ans =

   0.137931034482759


eval =

   0.332773307398580


ans =

   0.116788321167883


eval =

   0.325691392116625


ans =

   0.100000000000000


eval =

   0.317493712612080


ans =

   0.086486486486486


eval =

   0.312415427874425


ans =

   0.075471698113208


eval =

   0.310918221360180


ans =

   0.066390041493776


eval =

   0.299251887332063


ans =

   0.058823529411765


eval =

   0.269946860167297


ans =

   0.052459016393443


eval =

   0.286597763230670


ans =

   0.047058823529412


eval =

   0.433280754509423


ans =

   0.042440318302387


eval =

   0.274620816244892


ans =

   0.038461538461538

%% Problem 2
%
%The program problem2() performs tha same experiment in problem1  except
%using Chebyshev nodes  xi = 5cos(i*pi/20), for i = 0,1,...,20 and
%                       xi = 5cos[(2*i+1)*pi/42], for i = 0,1,...,20
%
%Results:
%
%After printing out the the values of f(x), p1(x) and p2(x) at 41 equally
%spaced points, the chebyshev nodes do better than the equally spaced
%nodes with the second chebyshev nodes doing better than the first
%chebyshev nodes.
%

hw4dot2.problem2()

eval1 =

   0.273931408421963


eval2 =

   0.274278926258347


ans =

   0.038461538461538


eval1 =

     3.495796876078697e+07


eval2 =

   0.280240967789102


ans =

   0.042440318302387


eval1 =

     2.898191178339877e+08


eval2 =

   0.286418789818295


ans =

   0.047058823529412


eval1 =

    -9.099390712126088e+08


eval2 =

   0.292662083269997


ans =

   0.052459016393443


eval1 =

     3.201220357889571e+08


eval2 =

   0.299093538483393


ans =

   0.058823529411765


eval1 =

     1.153284740804979e+09


eval2 =

   0.305765133706744


ans =

   0.066390041493776


eval1 =

    -2.680720105566867e+08


eval2 =

   0.312380790822107


ans =

   0.075471698113208


eval1 =

    -1.479115752472220e+09


eval2 =

   0.318841297316462


ans =

   0.086486486486486


eval1 =

    -4.801830529105765e+08


eval2 =

   0.325343822369093


ans =

   0.100000000000000


eval1 =

     1.375907951637165e+09


eval2 =

   0.331876541548717


ans =

   0.116788321167883


eval1 =

     1.605927410714477e+09


eval2 =

   0.337940687982982


ans =

   0.137931034482759


eval1 =

    -1.767489453050599e+08


eval2 =

   0.342881981267913


ans =

   0.164948453608247


eval1 =

    -1.955488659152695e+09


eval2 =

   0.346336694442038


ans =

   0.200000000000000


eval1 =

    -1.700900110641937e+09


eval2 =

   0.348123745079328


ans =

   0.246153846153846


eval1 =

     4.435678044172828e+08


eval2 =

   0.347540772604994


ans =

   0.307692307692308


eval1 =

     2.344461107755908e+09


eval2 =

   0.342747866539364


ans =

   0.390243902439024


eval1 =

     2.030506942652739e+09


eval2 =

   0.331040220263058


ans =

   0.500000000000000


eval1 =

    -3.585831750242230e+08


eval2 =

   0.310186517464116


ans =

   0.640000000000000


eval1 =

    -2.637656922824930e+09


eval2 =

   0.280121036476740


ans =

   0.800000000000000


eval1 =

    -2.571452302569589e+09


eval2 =

   0.243815281901216


ans =

   0.941176470588235


eval1 =

   0.202644011671414


eval2 =

   0.206519080870473


ans =

     1


eval1 =

     2.842131492748898e+09


eval2 =

   0.173576032720693


ans =

   0.941176470588235


eval1 =

     3.223802906157774e+09


eval2 =

   0.148029785871662


ans =

   0.800000000000000


eval1 =

     4.851419432225312e+08


eval2 =

   0.129524501125505


ans =

   0.640000000000000


eval1 =

    -3.045760413372210e+09


eval2 =

   0.115262512078006


ans =

   0.500000000000000


eval1 =

    -3.907435178922981e+09


eval2 =

   0.102397941996067


ans =

   0.390243902439024


eval1 =

    -8.237687788993524e+08


eval2 =

   0.090136645468797


ans =

   0.307692307692308


eval1 =

     3.532638692132820e+09


eval2 =

   0.079885885350582


ans =

   0.246153846153846


eval1 =

     4.562806872233324e+09


eval2 =

   0.073255646002219


ans =

   0.200000000000000


eval1 =

     4.659744931370227e+08


eval2 =

   0.069671410161361


ans =

   0.164948453608247


eval1 =

    -4.817782231066556e+09


eval2 =

   0.066160799409171


ans =

   0.137931034482759


eval1 =

    -4.739238498881412e+09


eval2 =

   0.060239884640824


ans =

   0.116788321167883


eval1 =

     1.920732212995888e+09


eval2 =

   0.053332527920518


ans =

   0.100000000000000


eval1 =

     6.972974263204043e+09


eval2 =

   0.049971325338325


ans =

   0.086486486486486


eval1 =

     1.519074728303112e+09


eval2 =

   0.051294534773120


ans =

   0.075471698113208


